log2mean	mean	psi	log2FC
G1	5.66723402337023	50.8168140406164	0.651121018469817	0
G2	-0.200700473892143	0.870127986167902	0.741158037555184	0
G3	-4.07275787567153	0.0594261663525079	0.414439427824742	0
G4	2.68681088700779	6.43888501639853	0.807054703400597	0
G5	-5.1481839776564	0.0281995513957588	0.637420393296604	0
G6	13.5018608302151	11600.190121868	0.443471364572535	0
G7	-0.298197474464749	0.813267871327163	0.565872359446836	0
G8	0.596454363014022	1.51199604204052	0.270795094049981	0
G9	12.2366395728349	4826.09156579126	0.858746416864683	0
G10	-8.92240250736648	0.00206105324718291	0.239057923804068	0
G11	-9.03375842559684	0.00190795329920719	0.402455494346632	0
G12	10.7750887953588	1752.36646437271	1.01198062799708	0
G13	-1.17014016379176	0.444378165308805	0.878428707193238	0
G14	2.88190117904446	7.37120856318356	0.719280292533945	0
G15	9.79622177482035	889.112259199433	0.58917959182901	0
G16	3.89721400348535	14.8997271179864	0.46597100324671	0
G17	7.67283630563558	204.058119371735	0.530781309574732	0
G18	-0.0660634845134647	0.955240900930447	0.429713905051482	0
G19	9.85920309644435	928.786438211512	0.75253458919646	0
G20	2.63483263451193	6.21103042330469	0.285576449257614	0
G21	-6.49175440860506	0.0111118711939751	0.624254833609405	0
G22	-4.13083940264555	0.0570812444194287	0.440543249344611	0
G23	10.6151822458051	1568.5135161036	0.377461400718246	0
G24	3.75413000412001	13.4929135825047	0.559543395236771	0
G25	-2.40739304098508	0.188496149594242	0.253861539884577	0
G26	-4.05373428971852	0.0602149575250845	0.483912922593291	0
G27	9.50729111113772	727.745957958193	0.730790404641083	0
G28	5.34171274073348	40.5523254080112	0.396432744758199	0
G29	4.23465825979794	18.8260478235377	0.286174399008433	0
G30	8.09519472053597	273.461651086002	0.452622492595778	0
G31	-8.08475181007332	0.00368338569968228	0.394541284756589	0
G32	-5.18989017119865	0.0273960143024791	0.542765035162773	0
G33	4.21609324656669	18.5853409093857	0.62005190199551	0
G34	-0.0445024405008414	0.96962416516284	0.277529649482673	0
G35	-1.52218052897447	0.348159301171412	0.62493886311421	0
G36	7.33704908856359	161.685790878625	0.287890693246488	0
G37	1.87866245483569	3.67733970237094	0.502090615720931	0
G38	-1.48929722072362	0.356186015351825	0.531179772092373	0
G39	2.82868048893168	7.10424082909989	0.44940928177833	0
G40	3.15217687862578	8.88995969745324	0.36101253501734	0
G41	0.483885581195679	1.39850516419387	0.391315285059221	0
G42	3.22159770761557	9.32819344909198	0.252003962521575	0
G43	-2.06874702558756	0.238366429853817	0.454812906355998	0
G44	-3.22709226347163	0.106794387660498	0.385752370113099	0
G45	4.62777259539492	24.7228403473228	0.684019367360219	0
G46	0.923264234803363	1.89640123118113	0.292098873693928	0
G47	-0.896425164252668	0.537216244716096	0.618786472697104	0
G48	3.0732783679468	8.41683810551754	0.897650254841871	0
G49	15.5105324526582	46680.5019127375	1.07482441547393	0
G50	0.507556649719731	1.42164046339096	0.6333641791651	0
G51	-1.83332356957328	0.280617411211756	0.343759240694898	0
G52	10.8613890781913	1860.38961743965	0.555907677928556	0
G53	0.567603025050209	1.48205914723259	0.678874102217794	0
G54	-2.7737870400304	0.146220040334233	0.330582242344855	0
G55	-1.33428500002957	0.396588568987733	0.530995154730278	0
G56	-0.343989976001382	0.787859360160976	0.62434671841728	0
G57	-6.50609643058609	0.0110019538710981	0.735634583413199	0
G58	-0.720959830226368	0.606693672404082	0.302715120467598	0
G59	0.33865648280553	1.2645784003013	0.539179380620827	0
G60	0.798587166213649	1.7393968978156	1.32325064315225	0
G61	6.56879354182603	94.9300897376928	0.5430970538032	0
G62	-1.38128708146078	0.383876172418512	0.397741795475985	0
G63	-1.13485138634499	0.455381823778941	0.600251675095196	0
G64	9.89355147525973	951.164773363993	0.293291134046783	0
G65	3.7397692508586	13.3592698167153	0.873245294690347	0
G66	-3.95822307431575	0.0643363065513438	0.591438767285642	0
G67	-2.9418876318576	0.130137835447407	0.338034757201621	0
G68	9.9468320039953	986.949190191848	0.719783856642164	0
G69	10.4627519069509	1411.24417117884	0.475954615896629	0
G70	-7.84804260800799	0.00434014028935944	0.378707149951468	0
G71	14.3760656571863	21263.1196220754	0.579328733396909	0
G72	1.15634439179947	2.22891931283817	0.640646540814703	0
G73	-5.56891860067165	0.0210663093721631	0.39295149191332	0
G74	-0.949782812196405	0.517710393789171	0.264591928590909	0
G75	2.24124874310815	4.72806130891789	0.685698132152847	0
G76	-2.20870869957433	0.216327847872725	0.235726133751826	0
G77	7.49799857608557	180.768385345969	0.387196860049198	0
G78	5.24851007786862	38.0153476082665	0.232889973629076	0
G79	7.34230546463812	162.275958188713	0.297343300345194	0
G80	9.25023274032613	608.97227637526	0.754980381192737	0
G81	6.5227264269475	91.9467341183329	0.477110277462656	0
G82	10.5709301321209	1521.13252246667	0.361905117524368	0
G83	-0.475732065339319	0.719101804282972	0.355420238833737	0
G84	6.86058411160708	116.209492711921	0.445168933580976	0
G85	-5.97940348400804	0.0158496689332282	0.380091610432853	0
G86	6.02900342993444	65.2996534383375	0.533918017496384	0
G87	-4.81113796067681	0.0356207583006147	0.338848362700856	0
G88	5.51181328483058	45.6269174879718	0.35514782777052	0
G89	11.6838151060085	3289.87055800328	0.430359868951759	0
G90	5.67031511512647	50.925456943086	0.347696946699538	0
G91	-4.13888741042153	0.0567637058395596	0.478977406070349	0
G92	13.8421340620878	14685.7982165886	0.642327205696446	0
G93	-2.15972219250161	0.223799358719716	0.330793893952843	0
G94	12.9950836368018	8164.13111538353	0.950305669271375	0
G95	7.04840283937295	132.367289597973	0.370810412319305	0
G96	7.28610660898626	156.076184977435	0.903887010003396	0
G97	-8.04165136846673	0.00379508688765551	0.82482606012951	0
G98	-5.79151392136329	0.0180542972857416	0.319810551448987	0
G99	10.7504448482667	1722.68695901898	0.501616327762468	0
G100	-2.70458625720397	0.153404609936673	0.446773684335195	0
G101	7.14332999103596	141.369784582952	0.379746261403726	0
G102	6.00965985962567	64.4299629317087	0.281015519360002	0
G103	-4.72738971180726	0.0377497339819652	0.449850150879309	0
G104	3.9418767776358	15.3682051498266	0.559663155362616	0
G105	-1.36344509124143	0.388653094623805	0.269056253111321	0
G106	4.54612206325853	23.362488735711	0.816170459542594	0
G107	-4.60034506208258	0.0412247609431458	0.500431576401424	0
G108	-0.0444054295051087	0.969689367694025	0.28506982864834	0
G109	1.23853594126879	2.35958957664537	0.39482082447605	0
G110	5.96438647499413	62.4394738368721	0.993641505545174	0
G111	9.54555612409044	747.306429313923	0.621036283831598	0
G112	12.779015195117	7028.56861294692	0.246674298284839	0
G113	2.55984255158223	5.89643332722868	0.515251496689661	0
G114	6.64407422888995	100.015114461917	0.507716264358642	0
G115	-7.34447127942432	0.00615309814843837	0.387082105719171	0
G116	3.51728675883924	11.4500878230963	0.824666838868107	0
G117	-1.85362274229291	0.276696683645065	0.483068832494081	0
G118	9.25307315318953	610.172416755584	0.264222941001928	0
G119	0.324063803698267	1.25185182101917	0.421089141759983	0
G120	-1.60520552101251	0.328688862913268	0.250084765204072	0
G121	3.40684812110155	10.6062894525349	0.284385262466438	0
G122	0.0811429427387228	1.05785577115291	1.22735815060236	0
G123	0.59618903874755	1.51171799828049	0.900132897693307	0
G124	1.01768542099209	2.02466808859498	0.533492373676144	0
G125	0.0620050767291672	1.04391560087127	1.03172926657539	0
G126	4.87902061814589	29.4260220131842	0.425376212323605	0
G127	6.36520732231482	82.4362699315824	0.931424001521695	0
G128	-7.77107838478863	0.00457796330805017	0.460808439576485	0
G129	12.7854531142445	7060.00316169909	0.244265424237808	0
G130	-5.5027047761336	0.0220556979281631	0.342169066979793	0
G131	4.24617027558591	18.9768716234579	0.270937098721141	0
G132	6.27715707593381	77.5554937972595	0.547197004851698	0
G133	1.68211638593953	3.20898353196754	0.464460607954716	0
G134	0.738990505499473	1.66900757839181	0.429525962536317	0
G135	-0.820530565641017	0.566233666215017	0.71366433382351	0
G136	5.2723744096916	38.6494079599968	0.396772384332735	0
G137	7.57823104787132	191.106236309641	0.309689937962349	0
G138	9.36182474759155	657.945715504908	0.962185568922061	0
G139	-1.7507737491444	0.297142372005325	0.656143744769396	0
G140	8.27652916611475	310.08698544067	0.431060310555391	0
G141	-1.78757970904114	0.289657573314401	0.558195187876132	0
G142	-5.11523921307759	0.0288509130475238	0.363145304833108	0
G143	3.30778247621686	9.90242916550592	0.367526457285248	0
G144	-6.28097278847243	0.0128599354515687	0.359374578197513	0
G145	-7.28048393491328	0.0064321468732346	0.412760942551041	0
G146	-8.19169301881199	0.00342022507044246	0.259507755197647	0
G147	2.02274479230755	4.0635616785839	0.474808215358402	0
G148	0.890665711604383	1.85403144350655	0.501924249897108	0
G149	-8.86515124684461	0.00214448769493616	0.523102052219887	0
G150	7.04934855696944	132.454087646182	0.370738700478629	0
G151	4.58051306603305	23.9260953091737	0.811248238726826	0
G152	1.22201559247609	2.33272395124318	0.793995717585499	0
G153	1.61733819543145	3.06808445298655	0.416474462643557	0
G154	-4.87733335852724	0.0340232941766064	0.704043511559681	0
G155	3.8195341850574	14.1186885862633	0.611345527333888	0
G156	-6.55432488939999	0.010640244483485	0.729663749904034	0
G157	-5.97176705813033	0.0159337863061001	0.324521036643079	0
G158	-7.78071123216837	0.0045474981548222	0.412743547088855	0
G159	1.80021232234475	3.48271476881271	0.773885807323332	0
G160	1.25019137798406	2.37872975497731	0.465102634494237	0
G161	-2.80929553430375	0.142665110624965	0.307099852711205	0
G162	5.67407310839179	51.0582826543458	0.296916073772087	0
G163	-11.5466940684039	0.000334271026216278	0.296141681534728	0
G164	-1.32514903385198	0.399107962240647	0.548929268363738	0
G165	2.90217207660658	7.47551035901541	0.538148910603697	0
G166	0.713165350715717	1.63939709971519	0.767932356754822	0
G167	-1.4673909619451	0.36163570701931	0.353973854165041	0
G168	-2.4803339201974	0.179202923637673	0.595704922883646	0
G169	3.68804209759737	12.8887647432689	0.395797574620763	0
G170	-2.42767136349077	0.185865207112426	0.458945293886824	0
G171	-0.197230199702179	0.872223520697848	0.565892908015838	0
G172	0.137728479840867	1.10017153382129	0.660591264765689	0
G173	0.171498199562421	1.12622743418258	0.298106255885178	0
G174	6.59427820356032	96.6218923694908	0.492244506934676	0
G175	0.16740621207052	1.12303758535983	1.00319547179977	0
G176	-4.38245682595301	0.0479456312260413	0.63345354137715	0
G177	12.3974836444631	5395.28570791171	0.722452359428874	0
G178	-0.557873120353612	0.679302881801587	0.737557087979529	0
G179	-6.08943692824407	0.0146857735721564	0.315221641474482	0
G180	2.29792352878454	4.91749480632753	0.389616408823081	0
G181	-2.39961929137856	0.189514574668775	0.285569174802662	0
G182	13.3277671680993	10281.5287159184	0.912057032373461	0
G183	-2.43951985079201	0.184344994560896	0.652751135549903	0
G184	10.570585707448	1520.76941521074	0.724691390231511	0
G185	7.87792645847534	235.229707007065	0.77139197730949	0
G186	6.40125413626146	84.5219493790368	0.301969021537762	0
G187	-0.760407367994308	0.590329618179684	0.769509336053125	0
G188	-3.68032385268287	0.0780031473836144	0.399388100308528	0
G189	1.12090612106649	2.17483525640352	0.447632004636395	0
G190	7.01027999892125	128.915327925984	0.572858981095181	0
G191	4.70637913388603	26.1072597580026	0.238473089443568	0
G192	1.57387140322009	2.97702513691852	0.475195230434497	0
G193	0.979668175466217	1.97201178772098	0.300616859934115	0
G194	-2.77688611808076	0.145906279666711	0.383620066831503	0
G195	9.92745556198398	973.782363838066	0.474728147667705	0
G196	1.71061275819788	3.27299808482322	1.16146705252622	0
G197	0.355299866457141	1.27925144809267	0.512802104129531	0
G198	-0.170056954545278	0.888807592232283	0.300499783792063	0
G199	-4.60656362788729	0.0410474489179787	0.582716913350212	0
G200	2.97731491360262	7.87519099698306	0.604411727114485	0
G201	3.84865416139475	14.4065617650557	0.265296849487822	0
G202	1.68513797944248	3.21571149911162	0.899086137070415	0
G203	-4.63169424188461	0.04033862610262	0.860719964214351	0
G204	2.47754200077771	5.56947755080991	0.484491195708395	0
G205	-3.86528989998601	0.0686170113436093	0.609711462091534	0
G206	-2.35332861158426	0.195693994554156	0.482201992239854	0
G207	-0.158685357483533	0.895841025957492	0.481212908880398	0
G208	3.50118953469859	11.3230407543857	0.294951699750468	0
G209	7.82089467610175	226.112145267857	0.65583874646478	0
G210	-2.15169067524793	0.225048729429342	0.906144730638844	0
G211	-3.06412876770547	0.119565347483474	0.40375082907642	0
G212	4.29033222485093	19.5667497695086	0.64576834618572	0
G213	-1.74792664491306	0.29772935026473	0.560876451568963	0
G214	-2.6639319402288	0.157788947601232	0.307902417814785	0
G215	0.171287093906732	1.12606264843078	0.353286836279099	0
G216	-2.28305814444801	0.205461766001104	0.813557224388424	0
G217	6.1133505457084	69.2312046015723	0.628675559679797	0
G218	-1.26225619602195	0.416891483102842	0.905497679668141	0
G219	13.6245251768029	12629.6337027821	0.267003298904524	0
G220	3.41731459409928	10.6835158199822	0.407758084493467	0
G221	16.2135058808967	75989.1532232075	0.385869498026886	0
G222	3.7268122331452	13.2398257809122	1.09966912174731	0
G223	0.134675101129837	1.0978455481247	0.296708600081484	0
G224	-5.77422021348515	0.0182720179906029	0.4742148063089	0
G225	-4.13880550996553	0.056766928353828	1.63091001824793	0
G226	-3.49835865807307	0.088488963546774	0.818486041206304	0
G227	-0.00771045671972537	0.994669774995396	0.52280133404904	0
G228	-3.86880448388974	0.0684500552461425	0.349277176342126	0
G229	2.89804148029437	7.45413775234632	0.289313401065911	0
G230	-1.99506126326519	0.250857284382194	0.397102898446091	0
G231	-7.73403886815955	0.0046970189577477	0.915275596563624	0
G232	-1.13642004953196	0.454886949625381	0.500662234854533	0
G233	-6.66567498152625	0.00984990153816105	0.527982715497275	0
G234	1.52980824607537	2.88747458063102	0.229298143968657	0
G235	0.289466621934838	1.2221883395119	0.248249104775072	0
G236	2.77360356543877	6.83813813007408	0.321605964060741	0
G237	3.05668108329831	8.32056261680638	0.576144592687181	0
G238	3.60571364362435	12.1738504544436	0.310992674553646	0
G239	-6.90666303801879	0.00833464786118254	0.678931510025235	0
G240	6.66610450263414	101.554087804118	0.287913265881928	0
G241	-3.24425992933706	0.105531095752757	0.281233630418898	0
G242	-3.00377275139001	0.124673543041649	0.221815333604451	0
G243	2.87773414899443	7.34994853953602	0.822204743704849	0
G244	9.48473084738794	716.454287302844	0.358174258544674	0
G245	-2.61483281239663	0.163251390777933	0.562125266846822	0
G246	2.67538264578329	6.38808117596783	0.503678882657631	0
G247	-3.65275217426295	0.0795082196474514	0.32379030331813	0
G248	-5.82647812840277	0.0176220047621881	0.362822338852951	0
G249	1.55685170581354	2.94211105746335	0.371857829763582	0
G250	1.53818497075806	2.90428890050871	0.415241270399544	0
G251	7.9887084867224	254.004190239137	0.89753261280617	0
G252	9.25616602270419	611.481915952883	0.365453745261068	0
G253	5.82607673955581	56.7314463163447	0.915484144665301	0
G254	-3.11751960801579	0.115221383574839	0.51007948301998	0
G255	-4.14609059601238	0.0564809985088661	0.407193808962951	0
G256	13.4812750855531	11435.8428985937	0.611379916696041	0
G257	-2.52213500699538	0.174085143482688	0.910945330774174	0
G258	7.96457241525667	249.790087210727	0.451139064075001	0
G259	-1.6241050964042	0.324411058412001	0.536027806212964	0
G260	-6.19509753204117	0.0136486537631093	0.463001499176446	0
G261	9.72852370489386	848.354657936849	0.258208606591864	0
G262	4.24018693184587	18.8983311052275	0.974439680473033	0
G263	3.57777050595016	11.9403275297418	0.507668135666143	0
G264	3.18465193277776	9.09234188635201	0.491290839854822	0
G265	7.25501950713668	152.749040462263	0.312618733853701	0
G266	1.51946745425964	2.86685205220057	0.378260957421872	0
G267	13.1386855569042	9018.5861083415	0.433788849231448	0
G268	1.46029122256282	2.7516390263465	0.338481376982947	0
G269	-2.08916372310115	0.235016878410041	0.368756941418501	0
G270	1.01984114953225	2.02769568429863	0.28764624836331	0
G271	-4.74699096928838	0.0372403135646342	0.480526036825344	0
G272	-2.00541050969494	0.249064185993771	0.287937996405394	0
G273	5.38323792057525	41.7365058938875	1.48353070943088	0
G274	1.12673530817821	2.18364042137717	0.51639658891768	0
G275	-4.90671485160306	0.0333373941293938	1.07396811796087	0
G276	10.5445395491847	1493.56007151655	0.695834298268536	0
G277	3.28221381905305	9.72847599731227	0.654191759303791	0
G278	-1.85184429689628	0.277037984723704	0.547826278684764	0
G279	-7.40663557222416	0.00589359822174493	0.420491838440565	0
G280	4.33495762979458	20.1814458279837	0.268178399485709	0
G281	2.33569152758217	5.04792868116052	0.793957365583148	0
G282	-1.76424529029704	0.294380641876314	0.25930727205471	0
G283	4.68182508636104	25.6666852827171	0.474926503920031	0
G284	-8.89862537040019	0.0020953030411565	0.480749014751561	0
G285	-2.62439157367283	0.162173323103993	0.518588722163535	0
G286	-6.09598970635976	0.0146192214615013	0.71291816431956	0
G287	9.12373767413976	557.851637827323	0.718835270806869	0
G288	-3.12285825568234	0.114795798383357	0.37593950336022	0
G289	5.14845670372915	35.4682612904217	0.266404287785448	0
G290	2.44203929563537	5.43409314815544	0.456698181214946	0
G291	2.9603319826389	7.78303034839151	0.315048604901271	0
G292	12.3617928594297	5263.44938373439	0.565655325924878	0
G293	9.82264610184417	905.547244615562	0.254806889003311	0
G294	2.12389851301239	4.3587018233611	0.416054587868193	0
G295	-1.91722258968595	0.264763730808363	0.476653008144727	0
G296	-6.15453763678213	0.0140378165257786	0.340064496100667	0
G297	-4.19226288696426	0.0547019894362759	0.460267941808403	0
G298	2.7168563722192	6.57438695142688	0.373504288962592	0
G299	7.03144526226721	130.820539799629	1.20832790943585	0
G300	-0.284431425990045	0.821065131316387	0.772469397874968	0
G301	-3.18254419679305	0.110143464853299	0.685990800840331	0
G302	-4.97957855095653	0.0316954914751557	0.481045683330796	0
G303	5.51976958862084	45.8792400239096	0.563235339595824	0
G304	5.83569515216791	57.1109371060186	0.381117547898408	0
G305	-6.56761184589908	0.0105426996594087	0.380705002176171	0
G306	-2.0016760627782	0.249709729097659	0.417617802041531	0
G307	-0.998839347124881	0.500402413483776	0.746288519886425	0
G308	-0.570092377521944	0.673573657309706	0.95587796406988	0
G309	1.22004524398824	2.3295402279035	0.830489544147022	0
G310	-7.52752549674765	0.00541987202916907	0.383279198262712	0
G311	-5.54146603494293	0.0214710114498041	0.916376477602128	0
G312	-3.64118414820135	0.0801483067450411	0.409021155888331	0
G313	1.69645655604707	3.24103939332086	0.551954927176515	0
G314	-6.69329117871075	0.00966314698283527	0.683236355227579	0
G315	-0.541824343141436	0.686901746071157	0.801728060197346	0
G316	-4.13607368233632	0.0568745216952854	0.554091991543293	0
G317	12.9790269928783	8073.77122735632	0.313131976974272	0
G318	-5.17467446403473	0.0276864815649308	1.11089344054185	0
G319	3.01639241910268	8.09141724694225	0.412560204599742	0
G320	-5.66958983317545	0.0196464187772745	0.48744700270845	0
G321	4.96689838709743	31.2741417254264	0.417691759043948	0
G322	3.83559535559049	14.2767466667236	0.44811691186925	0
G323	0.698906899603309	1.62327440498017	0.722229952003952	0
G324	5.79368738588369	55.4719826721215	0.542280622143198	0
G325	13.2575999090271	9793.43946302948	0.368182181037403	0
G326	-9.83497446481748	0.00109490812738264	0.508020204740648	0
G327	-2.23704204463257	0.212120793474968	0.633576767585611	0
G328	5.29182603382716	39.1740405031344	0.632511378460346	0
G329	3.9369877793373	15.3162135912507	0.714825105478446	0
G330	6.64826125928798	100.30580277696	0.752270421150545	0
G331	11.3671002898796	2641.42419127353	0.433507094579321	0
G332	-0.528012653749901	0.693509401829729	0.445458176713521	0
G333	-0.890560727235829	0.539404429072351	0.3519938420688	0
G334	-1.44171504795636	0.368129418967544	0.494362600182003	0
G335	0.740348469130179	1.67057930251316	0.770842863828333	0
G336	11.5527620018901	3004.19345303298	0.269924100734496	0
G337	-5.1938774785378	0.027320401985538	0.413925599114149	0
G338	2.33435820952374	5.04326561299831	0.506170100827606	0
G339	3.93221522582872	15.2656300140709	0.658981142704618	0
G340	5.15716692361106	35.6830473828912	0.247193424020621	0
G341	-1.18244415788081	0.440604410608383	0.535976991443398	0
G342	10.9319104855329	1953.58794207495	0.681779578545639	0
G343	-5.75843920515574	0.0184729847214698	0.747681123688833	0
G344	-3.80089197425741	0.0717492730881421	0.683712618447506	0
G345	-0.438844890656196	0.737725039755859	0.465684916579782	0
G346	2.33778266564312	5.05525078972483	0.437932136461973	0
G347	-1.64388135298868	0.319994418669216	0.604187392270767	0
G348	-0.219496036861925	0.858865403444697	0.337204772430466	0
G349	11.2266624681651	2396.41568855609	0.601132091733809	0
G350	11.7500833889792	3444.51080672902	0.668437662505739	0
G351	3.81651479768004	14.0891707668452	0.319021926861338	0
G352	0.313367885323134	1.24260510404255	0.239203555241103	0
G353	-2.50942953683103	0.17562504050367	0.299078915546049	0
G354	1.20610254353215	2.30713519029409	0.281884447035761	0
G355	3.8406219256193	14.3265757899494	0.85934767606782	0
G356	-1.77705951011016	0.291777489599373	0.409387112271475	0
G357	2.6078705859575	6.09603246456187	0.608412304952544	0
G358	-10.5310812740751	0.000675816280428476	0.307710108098016	0
G359	10.7997827097597	1782.6190458161	0.261831598489148	0
G360	-4.87159529078407	0.0341588853577672	0.850374373292847	0
G361	5.11665575531164	34.6949974443167	0.232307368733656	0
G362	-0.226241207884592	0.854859239834079	0.418974703718335	0
G363	0.699213093331249	1.62361896095078	0.74596895294757	0
G364	0.111016583519802	1.07998897404039	0.591570915008645	0
G365	-5.14795886791098	0.0282039518330886	0.395836432567923	0
G366	11.0853773704223	2172.85678119216	0.585441686518779	0
G367	3.09131241229448	8.52271100080869	0.488012476594302	0
G368	-4.46799914117429	0.0451854111030884	1.09641200597869	0
G369	2.03685212784803	4.10349196349908	0.474130955822126	0
G370	2.78416424626161	6.88837768205711	0.579466309377065	0
G371	0.0852555427938289	1.06087563632039	0.265696707073754	0
G372	6.77735762824434	109.695279094379	0.239890345557081	0
G373	-0.173944531550219	0.886415779275934	0.806314540830181	0
G374	4.58294472241278	23.9664566463353	0.284434232752054	0
G375	0.528814249438395	1.44274291817687	0.326003436601767	0
G376	2.22919906821522	4.6887360586147	0.277188241529294	0
G377	-0.953680910032951	0.5163134514183	0.732806346822668	0
G378	-0.90190915660276	0.535178047160502	0.427955347561311	0
G379	3.06109145522349	8.34603780291654	0.395252521850215	0
G380	6.996446833327	127.685140852263	0.503540280605433	0
G381	2.56879205161205	5.93312448005515	0.632937884092976	0
G382	-0.646562930661036	0.638800377019237	0.47702475854235	0
G383	1.8719785147102	3.66034216057714	0.846156589358149	0
G384	-7.37860056232586	0.00600924491606432	0.673216313710908	0
G385	-1.12352647829739	0.458970559860419	0.65349263809854	0
G386	-0.461799341620985	0.726080120356218	0.386043120526501	0
G387	10.7822966054241	1761.14332220114	0.357648364185679	0
G388	13.4067436755734	10860.0541451155	0.6778498040787	0
G389	0.480626030963184	1.39534902102882	0.626273874716616	0
G390	10.4379572843169	1387.19730384507	0.411100827823336	0
G391	0.548628546738598	1.46269456964221	0.277473023412692	0
G392	-3.25394480438135	0.104825033446591	0.468091702545149	0
G393	8.36203283023891	329.020309554838	0.669057040686277	0
G394	8.44204601809438	347.783582029162	0.593674977461355	0
G395	1.6889030253595	3.22411460112441	0.688224104668374	0
G396	5.78186094097655	55.0191116614669	0.431943620710161	0
G397	3.0019509287398	8.01082556399493	0.768162083387531	0
G398	9.99039763277556	1017.20703730198	0.317510114655736	0
G399	8.30466347025995	316.193405760285	0.310524158765555	0
G400	5.85256108120427	57.7825144931758	0.387908708989292	0
G401	1.01442130663355	2.02009243161801	0.498422990900105	0
G402	8.06141162029616	267.132485562344	0.588010428868232	0
G403	4.12471967731013	17.4447337963711	0.878644056111668	0
G404	6.59937392997366	96.963772854975	0.37269011997604	0
G405	1.13448903475354	2.19540793318995	0.420598410764913	0
G406	2.11391722709241	4.32865021983375	0.947774488485733	0
G407	9.4343934477936	691.887395168205	0.343105828601308	0
G408	-2.21755135260792	0.21500597343817	0.536145112221971	0
G409	4.24402154838696	18.9486288081236	0.350509618289488	0
G410	0.667283224628919	1.58807959725773	0.582513193536406	0
G411	5.12191024760014	34.8215917583439	0.745106013382076	0
G412	3.07294883262581	8.41491578054991	0.643405478327922	0
G413	-3.45354722914736	0.0912806433997728	0.916385179168989	0
G414	8.3385369007866	323.705238104991	0.743132929520155	0
G415	4.26434895828157	19.2175025965815	0.425867516577621	0
G416	-0.874468229174523	0.545454881470329	0.218801478118262	0
G417	3.0110123949454	8.06129934181279	0.370771706205552	0
G418	-0.0481827593302776	0.96715380366592	0.337044597155229	0
G419	-2.06365908418796	0.239208558983599	0.52472177500891	0
G420	0.155019632307617	1.11343676986076	0.591899516869188	0
G421	-2.66862207866453	0.157276815548996	0.371538381654756	0
G422	-2.56228714462975	0.169306921084485	0.414072240972076	0
G423	5.36073601203846	41.0905863410328	0.231594752716582	0
G424	-0.136535727563292	0.909700954774247	0.641174669676737	0
G425	8.73908407148032	427.293651297658	0.481628246399698	0
G426	-1.41531048546226	0.374929049361576	0.371409729281352	0
G427	13.2242020411744	9569.32893252494	0.551813660772794	0
G428	10.7707332970901	1747.08404548707	1.14142875388684	0
G429	-0.645348951682138	0.639338132104915	0.383859493779045	0
G430	0.735971940531717	1.66551914819568	0.291530430196881	0
G431	6.55061814706736	93.741641127107	0.444253465644088	0
G432	10.779517286209	1757.75378558887	0.227522051622777	0
G433	10.5939459505298	1545.59428616833	0.743522255951367	0
G434	2.26985973764953	4.8227624071791	0.337677176074854	0
G435	11.042811117645	2109.68387221718	0.247514375861593	0
G436	12.3360526025308	5170.37283858861	0.336455911321098	0
G437	-0.142047412745272	0.906232155354686	0.515501420894102	0
G438	9.50964981626989	728.936744681628	0.318683229570395	0
G439	4.12416697707749	17.4380519533561	0.575880381263501	0
G440	3.6160870924754	12.2616998724382	0.391328520380615	0
G441	8.75542464713467	432.160872411843	0.608282607366977	0
G442	-1.32124278196039	0.400190054225717	0.267069078504035	0
G443	6.81152420776757	112.32414015246	0.382758543062498	0
G444	0.738936875558522	1.66894553678795	0.551184412309203	0
G445	-3.30230861550517	0.101369207635531	0.606282194164544	0
G446	4.47273398577648	22.2037890365283	0.759684583157991	0
G447	-1.42642135611839	0.372052635557554	0.630258169387986	0
G448	-7.55479674588385	0.0053183824952085	0.307649730322803	0
G449	12.0438362532653	4222.36696545415	0.376891562228583	0
G450	-2.12600047253876	0.229092086132254	0.31580428062535	0
G451	-6.49259745340087	0.0111053798230397	0.448237862414761	0
G452	5.23773621030404	37.7325111174124	0.461791893673927	0
G453	10.3213000428928	1279.44289571091	0.417455415871299	0
G454	2.64835283384519	6.26951061589803	0.338706626307025	0
G455	9.35684588532428	655.679002905503	0.349417613884095	0
G456	-2.21996987050912	0.214645841763234	0.31062301250793	0
G457	9.30181886791598	631.141145138948	0.567909777691126	0
G458	-5.6263174381494	0.0202446226429828	0.748063517898413	0
G459	-2.50573799090361	0.176075002594269	0.608636255650756	0
G460	-2.35015018931699	0.196125606088269	0.615656084337422	0
G461	5.95084091931083	61.8559692053158	0.793878906618636	0
G462	-0.80364268345076	0.572900823461891	0.43781964102571	0
G463	-3.72325735080106	0.0757160336959989	0.640937820040598	0
G464	-8.74066471734599	0.00233774823640336	0.270135608988945	0
G465	3.35417038368988	10.226002535174	0.654615823829386	0
G466	-1.41888156147928	0.374002142158361	0.296438633710418	0
G467	10.4395519838368	1388.73150607219	0.380609959804165	0
G468	7.06005611571715	133.440807660575	0.599473197244398	0
G469	1.75645307020119	3.37866443352107	0.414193770698677	0
G470	9.74618669502771	858.804949162449	0.505819804739278	0
G471	-11.4173928018231	0.00036561355979066	0.300436826281356	0
G472	-5.17094618512529	0.0277581227739525	0.677631550439874	0
G473	0.663618297246627	1.58405046437047	0.390419735490036	0
G474	-1.77544591175941	0.292104013953532	0.358119909835127	0
G475	-0.787927741874498	0.579175410670163	0.294152693104298	0
G476	-9.03235897419788	0.00190980496105111	0.31091421823158	0
G477	-1.07262539198964	0.475452989991813	0.358260644776974	0
G478	7.74721902995756	214.854923897289	0.396955296811495	0
G479	8.17253121738322	288.52073968886	0.719378496196568	0
G480	3.15895831859782	8.93184563908644	0.615061661017665	0
G481	4.35060023974667	20.4014563890871	0.242320881323798	0
G482	7.16545874648449	143.554898149849	0.398174483043355	0
G483	10.685072294883	1646.36932817901	0.495750068632678	0
G484	-3.07357597669369	0.118784954881859	0.711554214684707	0
G485	-1.63985980846825	0.320887654608934	0.689314187523688	0
G486	0.853609096704114	1.80701576988554	0.747894748680716	0
G487	13.8185655075726	14447.8330586602	0.585689743117021	0
G488	-5.08244907572921	0.0295141565650923	0.478234522154894	0
G489	0.78832325943299	1.72706605120921	0.281180860519615	0
G490	9.37345320751096	663.270342109156	0.47316933559033	0
G491	0.300627668555843	1.23168015980378	0.49394088676123	0
G492	10.5467050482847	1495.8036028754	0.675834738396291	0
G493	3.5375817259082	11.6122990494432	0.532736829514593	0
G494	13.5631158925126	12103.3256448458	0.236820522081704	0
G495	10.0749200147222	1078.58190088633	0.769784238866953	0
G496	1.46250466277928	2.75586394076808	0.580967685030381	0
G497	8.17247554022683	288.509605177464	0.923086243883947	0
G498	1.13101521151358	2.19012803377625	0.565881995794403	0
G499	0.647354206655387	1.56629309743186	0.335251720809389	0
G500	3.65549336838736	12.6012362201281	0.302299988375475	0
G501	2.44885195851662	5.4598145864496	0.579285178865032	0
G502	-4.26853193852322	0.0518852422831482	0.346402261002943	0
G503	1.33149237679976	2.51662869629931	0.301423054435341	0
G504	-0.684396865864014	0.62226591721965	0.500689668305672	0
G505	2.8284343928724	7.1030290854425	0.876657467535643	0
G506	3.96698188174017	15.637975869932	0.432592863212261	0
G507	-5.19579436225738	0.0272841259492837	0.405032795052611	0
G508	-2.78240637606918	0.145349057732854	0.244523446673357	0
G509	-2.68271959846717	0.155747445005153	0.298810468871843	0
G510	-4.1717210112046	0.0554864375256916	0.428281039439273	0
G511	1.06565884806456	2.09312554716048	0.314111553422201	0
G512	-4.92175904659179	0.0329915633408066	0.460527888503234	0
G513	9.21646461158502	594.884018854854	0.687892399953532	0
G514	0.886403578640905	1.84856218824358	0.665926520090971	0
G515	5.12705457935759	34.9459794986493	0.481390844743973	0
G516	-2.90775903931822	0.133253096244307	0.86029020336537	0
G517	-3.48838976956965	0.089102531459091	0.630700747880534	0
G518	10.994514655243	2040.22797879751	0.416822257204084	0
G519	-0.257005052170803	0.83682331220842	0.643381375822017	0
G520	-3.82068731076129	0.0707715187149544	0.231043506773444	0
G521	4.63451587946948	24.8386675696817	0.339432258330732	0
G522	-2.70556062064502	0.15330103892839	0.345479654450385	0
G523	-6.08494284899476	0.0147315919403035	0.864970669795687	0
G524	9.08001712132674	541.199659470045	0.230130255925343	0
G525	6.89066703342094	118.658121100533	0.627661367076302	0
G526	-2.37198797804478	0.193179247164937	0.768280505441754	0
G527	-3.93723755189116	0.0652789855591752	0.908358940648404	0
G528	-2.41120414034466	0.187998865332775	0.378322139817072	0
G529	-4.65924730779224	0.0395755357813487	0.252211438162897	0
G530	-6.32105380907915	0.012507577405042	0.923446562578227	0
G531	7.92740529099777	243.437108198864	0.26634235751226	0
G532	-4.9055196360447	0.0333650242804111	0.54363348004864	0
G533	5.12410130233938	34.874516303794	0.285369681409047	0
G534	0.38334727143814	1.30436467137793	0.727144936686497	0
G535	-4.0542233266911	0.0601945496430915	0.680130912679437	0
G536	11.4183007291823	2736.85014836453	0.394933425287605	0
G537	-5.16207570683906	0.0279293206666643	0.739981910520126	0
G538	-7.08857683164133	0.00734726572602641	0.491582919283577	0
G539	4.11934245516905	17.3798346948103	0.346375660132868	0
G540	-0.468027345667393	0.72295244388867	0.429619656063767	0
G541	-5.2080199545739	0.027053893475147	0.288763943425153	0
G542	-1.20430048256879	0.433979715679552	0.8250233635191	0
G543	10.0975371397478	1095.62406142229	0.486539546707058	0
G544	-2.5252264964883	0.173712503275055	0.409762353576492	0
G545	0.793664807999602	1.73347232980198	0.882545388450425	0
G546	-2.846268797774	0.139055354363689	0.378592791783479	0
G547	-3.53745415484309	0.0861232065395095	0.233502511739781	0
G548	-8.73323107670956	0.00234982482067154	0.587831730926814	0
G549	1.61301783474696	3.05891037010167	0.382203843816004	0
G550	9.47591808383161	712.091135860575	0.839344588727393	0
G551	-2.08619974611957	0.235500210400036	0.413744389498469	0
G552	8.61384995445483	391.76642581881	0.280520237602453	0
G553	0.0238437915886162	1.01666458754713	0.32403498775753	0
G554	0.430870033410132	1.34804628620238	0.272965828568452	0
G555	9.09196221150584	545.699235185972	0.3855132362385	0
G556	6.57183018837572	95.1301131070687	0.532248940733174	0
G557	-0.122437281467155	0.918634402807671	0.485166828594517	0
G558	-2.94379897766605	0.129965537281675	0.249111066720209	0
G559	-5.73162087557972	0.0188195915140426	0.50023947396698	0
G560	-1.98275308184163	0.253006598788929	0.327128788524617	0
G561	9.30824269955576	633.957668426545	0.867558276627168	0
G562	-4.11907219622694	0.0575487261147322	0.637081547049037	0
G563	-0.666264675825379	0.630136080860862	0.556160947596008	0
G564	-4.23383951365347	0.0531480468989259	0.72643158087941	0
G565	10.9903888715763	2034.40172005051	0.585261201398691	0
G566	-2.44995485514218	0.183016438859663	0.615632979951872	0
G567	1.07871489206011	2.11215380189496	0.405635776000404	0
G568	8.22333710583863	298.86229925621	0.408216305855611	0
G569	0.219309055481103	1.16417589854159	0.644470433733058	0
G570	-4.03724418123433	0.0609071673049562	0.725477273554114	0
G571	0.896004580954462	1.86090522428373	0.50161503997622	0
G572	10.9059987061759	1918.81340238196	0.257392892443757	0
G573	2.23048859120024	4.69292886146071	0.999097911277667	0
G574	5.71549391119475	52.5454489849986	0.317769043728881	0
G575	-1.7302447702557	0.301400816375682	0.610433239014669	0
G576	-1.78905466262087	0.289361590348637	0.519973646091083	0
G577	10.3269296798254	1284.44524917692	0.856203574020406	0
G578	0.416514454898331	1.33469902910924	0.988260131873081	0
G579	8.52418168217579	368.158112556693	0.664763699533704	0
G580	0.719859364519905	1.6470214732667	0.541600493727562	0
G581	4.48430103109028	22.3825271490066	0.564820244973716	0
G582	-1.90853996798387	0.266361972122284	0.380994213210315	0
G583	-1.75130618991005	0.297032728929999	0.852398203175552	0
G584	-4.35273027829771	0.048943793037485	0.377190521672134	0
G585	2.76288871623351	6.78753962960023	0.335284391341466	0
G586	-2.64350637570098	0.160038800326048	0.46702571239212	0
G587	7.54241760941604	186.420616667083	0.419233153372299	0
G588	10.5346099400695	1483.31566955775	0.250984459730446	0
G589	13.4158533003853	10928.8448562003	0.813302130848436	0
G590	-4.11364352759988	0.0577656822122963	0.320758882120366	0
G591	-0.675379637627608	0.626167424959373	0.510547986891547	0
G592	2.3578211021415	5.12595602563014	0.283998565752739	0
G593	-0.116842085280474	0.922204055131311	0.742078732682498	0
G594	-1.23121677175208	0.425958040519025	0.404644662857786	0
G595	1.71270237836153	3.27774217701072	0.415260479562217	0
G596	2.28531586598579	4.87470821437488	0.811672684901824	0
G597	1.20030468133874	2.29788194616941	0.252047316205793	0
G598	-3.19249617631083	0.109386289257931	0.338865849024949	0
G599	-3.36962273171009	0.0967481086562873	0.731825501062553	0
G600	-4.84366228881721	0.0348267029924294	0.371066396684682	0
G601	1.38566942239936	2.61293171480348	0.418210601380307	0
G602	-1.39553205162308	0.380104483694923	0.460109493465803	0
G603	-4.62280107759483	0.040588052331805	0.391613550337631	0
G604	-4.51213066556744	0.0438241322305859	0.369322648493884	0
G605	1.46510194709991	2.76082979212894	0.317655051189655	0
G606	0.904375173952096	1.87173367815782	0.332050418781073	0
G607	6.36223040661518	82.2663429524904	0.743226988582082	0
G608	10.1750106033273	1156.06804720479	0.992765312448584	0
G609	-0.416836749712001	0.749065223998291	0.74694830748608	0
G610	12.5133251637707	5846.36895870222	0.225589552627524	0
G611	-5.93569622942623	0.0163371911252415	0.422119478553728	0
G612	3.30927042490335	9.91264747700413	0.357957102308173	0
G613	-0.937892137762599	0.52199498889714	0.69517340414345	0
G614	-0.0857375123501146	0.942302703288932	0.416838209611522	0
G615	2.11937253397117	4.34504926285058	0.391846392221744	0
G616	1.65259980611826	3.14399692403083	0.513396432851635	0
G617	1.61083034869277	3.0542758123539	0.399024437976242	0
G618	6.83821279431524	114.421376436046	0.23775784828974	0
G619	1.03963355208282	2.05570543300075	0.862348637369292	0
G620	-6.31727652139617	0.0125403678556873	0.273268217854305	0
G621	2.4617520597312	5.50885335760387	0.342982748514765	0
G622	5.54754079123896	46.770948820958	0.333183506468853	0
G623	-0.596594284251952	0.661313251416978	0.506674126094721	0
G624	3.27306099187002	9.66695142183239	0.275380397523741	0
G625	10.7041724900292	1668.31094213106	0.487106464824452	0
G626	5.49375303671934	45.0593012640777	0.51431909562745	0
G627	-5.76154039211748	0.0184333182298677	0.418259595774964	0
G628	-5.84043838792456	0.0174523075400525	0.341437737301352	0
G629	-2.03795755907635	0.243508230508467	0.317929719410647	0
G630	10.2113909303146	1185.59120098504	0.788920825605262	0
G631	5.72326590370649	52.8292822339269	0.629887616349033	0
G632	2.04905254346651	4.13834104318372	0.709635994200325	0
G633	-2.89406125119077	0.134524304100745	0.288465179674607	0
G634	3.26286803578724	9.59889300211466	0.260874477376618	0
G635	11.6729609934712	3265.21210031021	0.348001636546231	0
G636	-0.334146724129279	0.793253164118167	0.761641337322298	0
G637	6.1280071171671	69.9381203234441	0.354537060029545	0
G638	0.278632417634276	1.21304445087664	0.559815663491023	0
G639	-7.61976082878546	0.00508420941753273	0.302565546823568	0
G640	-7.30487326186453	0.00632432287263612	0.760322225048755	0
G641	-0.865380050330122	0.54890179020028	0.434599442655939	0
G642	5.49197712136461	45.0038687084373	0.424605098533944	0
G643	-0.979748878921408	0.507067994430078	0.622523869818169	0
G644	-0.340084793119717	0.789994879251468	0.51362027186377	0
G645	-2.83632824745545	0.140016790997757	0.357958285395083	0
G646	1.35664666906623	2.56089245680702	0.5794316172771	0
G647	-0.166562297362661	0.890963171014943	0.65587080544357	0
G648	-3.73963443170844	0.0748613859590612	0.423519023789568	0
G649	-3.24189805917147	0.105704004703063	0.532744035944512	0
G650	-4.79909751572689	0.0359192860356655	0.288381598130446	0
G651	-0.434840241200031	0.739775670155059	0.5267381379011	0
G652	-0.131008218246195	0.91319304803482	0.272076298821956	0
G653	3.28247409778481	9.73023128429108	0.371380656890611	0
G654	3.13423998568329	8.78011591105538	0.525625528000909	0
G655	12.8716713326796	7494.78476770957	0.326727595357187	0
G656	-3.52152670446299	0.0870792803869774	0.491177274681564	0
G657	4.14969756200475	17.749390286588	0.756130893328243	0
G658	7.41571375608675	170.746684651191	0.627022060997554	0
G659	13.3332217376445	10320.4748980413	0.334234737775374	0
G660	-2.65069875525261	0.159242931975037	0.536468413754493	0
G661	13.147627218942	9074.6558709976	0.422231870228949	0
G662	10.5084818500903	1456.69371275152	0.555554163324622	0
G663	-1.45206108428263	0.365498886403966	0.362379101165372	0
G664	1.75088897137848	3.36565890083876	0.769869375886616	0
G665	0.659718064808261	1.57977387006837	0.337057282214741	0
G666	1.73287770204833	3.32390166569045	1.18136026480271	0
G667	-4.8073727023282	0.0357138455618396	0.538827221530113	0
G668	6.94486704286767	123.200734154436	0.371886311912194	0
G669	-2.25724134432667	0.209171566030891	1.23099817467694	0
G670	4.90985803012483	30.06176957023	0.462301755139001	0
G671	7.08025835660219	135.322540467709	0.809037844096313	0
G672	-2.17625338140391	0.221249579534672	0.73825202124336	0
G673	-4.16233335697023	0.0558486664593554	0.4135828255186	0
G674	-1.05968056670812	0.479738268810172	0.462706472259217	0
G675	-3.46410945065555	0.0906148022647267	0.932866939678955	0
G676	-1.04288956479983	0.485354386296434	0.675081981472196	0
G677	-3.84846273514319	0.0694220253020894	0.372891778375303	0
G678	0.731509783658181	1.66037576979013	0.306108499641265	0
G679	-1.92111739536842	0.264049919122794	0.568271937447498	0
G680	1.46664544608219	2.76378510715376	0.332242096519146	0
G681	-3.02608793147939	0.122759967026569	0.26899937013524	0
G682	0.38199236915769	1.30314025664943	0.413119606081796	0
G683	4.50771429119389	22.7487330039224	0.398383526661901	0
G684	2.47840558128896	5.57281237344019	0.389536157109208	0
G685	3.32911948429497	10.0499713553414	0.92760053435319	0
G686	-8.53274874371325	0.00270014248772925	0.392804283526664	0
G687	0.827561378904304	1.77468303744422	0.536965935065205	0
G688	10.6849608915292	1646.24220222491	0.950258895286611	0
G689	6.31292197907855	79.5021504431007	0.299779286216484	0
G690	-4.37520097146043	0.0481873751900868	0.342702483095476	0
G691	12.9380038632765	7847.42632164092	0.574105255080746	0
G692	9.58904718303265	770.177508789765	0.498616409401271	0
G693	8.11187459513771	276.641655070303	0.753705059729435	0
G694	-2.00763695797927	0.248680112545064	0.643110723248342	0
G695	10.3085408180193	1268.17736591531	0.564834657023286	0
G696	4.77984442263167	27.4711313740154	0.445206859218217	0
G697	-4.40203413275964	0.0472994057091868	0.585778886219516	0
G698	-0.277690845180668	0.824910299527436	0.378748881492912	0
G699	2.70197710667357	6.50693032937384	0.308714675857661	0
G700	-2.19857261761711	0.217853075031331	0.477042702005543	0
G701	2.75677739333668	6.7588481101096	0.361886497261233	0
G702	-1.95159567525592	0.258530128673563	0.374307286019567	0
G703	1.29777220529604	2.45848952002725	0.433794735094063	0
G704	-2.11698191628076	0.230528669062917	0.359970370414415	0
G705	-2.86058688384967	0.137682119433553	0.909623643896599	0
G706	4.00638231750517	16.0709389633738	0.681669811118209	0
G707	4.97736985303182	31.5019635948461	0.479323932609793	0
G708	0.682640810176298	1.60507510986206	0.335384709592512	0
G709	-10.1442879957735	0.00088361896522824	0.621086545338857	0
G710	-0.1133069925343	0.924466539014105	0.27963132292983	0
G711	-4.08635792362891	0.0588685978757511	0.639668851567352	0
G712	9.62435577699569	789.259426931135	0.371981104692391	0
G713	1.90759769924169	3.75183842633065	0.627240907661199	0
G714	-7.49959836957562	0.00552580983856805	0.394217307015296	0
G715	3.4959156477845	11.2817240391052	0.319233952242402	0
G716	-1.15875259691019	0.447899637314946	0.532003831349364	0
G717	2.79992615529371	6.96404804070643	0.395660858463086	0
G718	5.84807458347243	57.6031013559838	0.531580771309934	0
G719	10.6415769244273	1597.47420957213	1.24372857531038	0
G720	5.54751892143173	46.7702398257423	0.484540557283367	0
G721	-3.55080206555023	0.0853300636537352	0.308584974454511	0
G722	-0.882583023033591	0.542395448377368	0.403868748525097	0
G723	12.3579028321969	5249.27633835261	0.771398361666154	0
G724	10.7013721476177	1665.07580889166	0.525896264534658	0
G725	-1.73178609443495	0.301078982389046	0.314502962607629	0
G726	-4.78050736873849	0.0363851263615389	0.427756002913284	0
G727	-5.57479792429453	0.0209806338698772	0.379937809316053	0
G728	-0.989677844809786	0.503590214653239	0.923377682268488	0
G729	-3.37961939893405	0.0960800426089503	0.345009542229749	0
G730	1.53010905762784	2.88807670113879	0.355123796311436	0
G731	-2.58200566036092	0.167008604545361	0.381811606321251	0
G732	10.0375161449708	1050.97755596068	0.500728053136434	0
G733	-3.19540776888579	0.109165752599698	0.227104171941657	0
G734	-2.8887598509126	0.135019543281253	0.354937401732165	0
G735	-1.34808289001669	0.392813688582267	0.248016414209066	0
G736	12.2011870901687	4708.94151830932	0.661740670264069	0
G737	-1.08501135104593	0.471388559085046	0.306587230400468	0
G738	3.73700154793915	13.3336656208918	0.257800327142168	0
G739	-6.47743859161839	0.0112226828191308	0.851401790184183	0
G740	9.09017418409123	545.023332951383	0.892793746603291	0
G741	-0.930183106671404	0.524791731084637	0.738350291963694	0
G742	-4.48443929113363	0.0446734259887688	0.36565897255584	0
G743	10.9508342991303	1979.38193164164	0.583567232196197	0
G744	9.64272600369365	799.373537176439	0.759528606050434	0
G745	-1.45025842188991	0.36595586648849	0.762667733735118	0
G746	-0.0186380220043109	0.987164198288846	0.514294615743969	0
G747	-1.27154270265786	0.414216605905691	0.693267088564324	0
G748	2.39866048598089	5.2731333686693	0.931057410013777	0
G749	-0.582665380728036	0.667729007024919	0.416351267253552	0
G750	-1.92762039820366	0.262862382501174	0.34960830471153	0
G751	-2.43565773470925	0.184839149988843	0.465319806562373	0
G752	1.31308427286945	2.48472170062553	0.453245029061195	0
G753	7.03936791229238	131.540925184109	0.907878751101961	0
G754	12.994057378102	8158.32563949789	0.794549317637902	0
G755	0.290669858221192	1.22320809402321	0.513602044008441	0
G756	-5.00046462658865	0.0312399374138776	0.347920863303936	0
G757	-3.9593291114822	0.0642870022462058	0.402418468556827	0
G758	11.9404154202752	3930.27738295928	0.627586432920086	0
G759	-0.810315271303904	0.570257226338566	0.351658375938926	0
G760	9.0662235757715	536.049930082936	1.08670043403192	0
G761	-3.43875009878546	0.0922216891704959	0.761299011133495	0
G762	6.26133229888462	76.7094439733842	0.529095058191279	0
G763	-0.0884882775215162	0.940507740501478	0.261740907155713	0
G764	3.25456476355185	9.54380630658186	0.982689001623062	0
G765	1.67883437896122	3.20169166810436	0.97218915042774	0
G766	10.6693310867384	1628.50347932172	0.920715957473836	0
G767	11.1761454904385	2313.95563750842	0.337914709926652	0
G768	8.3749047411827	331.969005891113	0.592355885578802	0
G769	-3.37965932743032	0.0960773835032995	1.00635911635727	0
G770	-2.01856492851784	0.246803553444967	0.308646026407486	0
G771	-1.76552617314323	0.294119394859044	0.592651017624755	0
G772	-6.63694195353003	0.0100480408615506	0.261760216125245	0
G773	-2.15231041179753	0.224952076313307	0.328629874811392	0
G774	-3.85104950709522	0.0692976621863632	0.409315077037172	0
G775	-4.11516174157685	0.0577049247173919	0.376370489135489	0
G776	1.7040681580537	3.25818417687349	0.498435692156095	0
G777	-3.0425148580087	0.121370115571409	0.501815655710997	0
G778	-1.99640926577582	0.250623001801167	0.639473022765983	0
G779	-7.08927894017373	0.00734369094219131	0.370969389326098	0
G780	-2.93690558174209	0.130588016508956	0.376821459031253	0
G781	10.7928350453539	1774.05502867677	0.399729010326363	0
G782	5.83600205379086	57.1230874934601	0.448880108344634	0
G783	0.245869545718442	1.18580726910572	0.429426877524762	0
G784	-5.60351952224435	0.0205670755089696	1.47494930782415	0
G785	-0.642794672095074	0.640471077596895	0.386447854355069	0
G786	8.55215590830767	375.366452526677	0.240435043231227	0
G787	7.3008271949501	157.67686584007	0.325848393555146	0
G788	-6.35474171667925	0.0122189005077457	0.518956888863573	0
G789	9.90164263993229	956.514242296238	0.400313343166174	0
G790	0.713154274756214	1.63938451366916	0.312296208165333	0
G791	9.91767466054205	967.202833285932	0.457386741437861	0
G792	5.59850154114598	48.4525785906526	0.527129111704621	0
G793	4.75608832549523	27.0224827327055	0.417627229685022	0
G794	-6.24759571150932	0.0131609212371633	0.352482017135826	0
G795	12.8591401768293	7429.96745877047	0.357822619977601	0
G796	6.66135443338273	101.22027111042	0.371357607635555	0
G797	-3.96444690495548	0.0640593555693548	0.280953546709972	0
G798	8.9188445617504	483.993734715272	0.474966617278014	0
G799	-8.69374186169707	0.00241503219681666	0.596880590663969	0
G800	10.6261298421515	1580.46113392113	0.542286053604012	0
G801	-5.01949354686167	0.0308305930897543	0.77297389208395	0
G802	7.93377250330898	244.513871601645	0.357152561530039	0
G803	12.0987615593754	4386.21726225187	0.370434623999161	0
G804	7.294090257334	156.942280342447	0.487776287841371	0
G805	-1.23558094028025	0.42467145965552	0.431799640298077	0
G806	12.6742784966668	6536.39066222666	0.429463143307199	0
G807	11.7546915539436	3455.53063465105	0.322297711109134	0
G808	-3.82090231393329	0.0707609725033037	0.258457060453348	0
G809	4.01652019443098	16.1842678242159	0.288948129747194	0
G810	-2.88552624642989	0.135322510605105	0.409735990828084	0
G811	-1.14917462527653	0.45088311053733	0.787656128641163	0
G812	8.10258254828492	274.865599359608	0.814192562058758	0
G813	1.54167410796125	2.91132138198618	0.683914493968265	0
G814	-2.56695346674842	0.168760191309947	0.619483896631149	0
G815	-3.88015892244609	0.0679134473782729	0.318925148831463	0
G816	-3.15348869386854	0.112384213903694	1.23707794820849	0
G817	-4.84959855245299	0.0346836958221974	0.365326990093678	0
G818	7.6929307035369	206.920203250233	0.417663858743571	0
G819	3.01941611921128	8.10839358305173	0.415153638714149	0
G820	1.4531697398039	2.73808975627037	0.377406000681922	0
G821	5.83922539312437	57.2508573517246	0.652380903126746	0
G822	-6.85509620751029	0.0086379446801853	0.467158673368383	0
G823	10.6004981430221	1552.62977355654	0.247765853270679	0
G824	-0.463873335850967	0.725037069650599	0.388095544733647	0
G825	-5.19413103238174	0.0273156008431945	0.282969109903735	0
G826	12.5599378184353	6038.34644978869	0.932377756067176	0
G827	3.63836008018297	12.4524704312672	0.287295528758029	0
G828	-6.76755784982848	0.00917829663889686	1.12129337469448	0
G829	15.1466057577847	36272.9323225951	0.889030049434172	0
G830	4.5382370443547	23.2351498539237	0.367653590504656	0
G831	11.4165327476218	2733.49827092314	0.260732945796472	0
G832	-3.06820266362304	0.119228193975736	0.536609788031985	0
G833	8.80835562603794	448.310856341839	0.338376059896335	0
G834	4.69521254890488	25.9059673142917	0.73903693299503	0
G835	10.1883583474986	1166.81356425654	0.389026312383477	0
G836	3.38917039390497	10.4771207439472	0.424947083198534	0
G837	-2.61212286803815	0.163558328789896	0.474019258411273	0
G838	3.58272825951722	11.9814304867295	0.75315702334902	0
G839	-3.61551560571561	0.0815870730250553	0.461246734206484	0
G840	-1.37838595387446	0.384648888911494	0.23000857152495	0
G841	9.35145531654916	653.233657455684	0.68269527152405	0
G842	-5.59322538321686	0.0207143536780472	0.626022409718773	0
G843	-4.23294389560799	0.0531810511906338	0.297151757936927	0
G844	8.73584056684151	426.334077633816	0.322506227211739	0
G845	-2.55847625576452	0.16975473767498	0.395822074210047	0
G846	0.998619602119668	1.99808727741288	0.509898904407906	0
G847	-4.93737372738714	0.0326364120943204	0.577907186428352	0
G848	7.66482002630792	202.927422550867	0.811089150795835	0
G849	1.52470487621317	2.87727851157886	0.636648350797105	0
G850	3.9050383638714	14.9807543190173	0.276296843923383	0
G851	9.64300597655983	799.528680579078	0.306919170533007	0
G852	9.79322406837859	887.266733747639	0.999685862687169	0
G853	-0.598332659453829	0.660516881989669	0.674284223917393	0
G854	2.9424970359548	7.68740691374409	0.794527251649002	0
G855	13.5728838669845	12185.550998766	0.497951603811353	0
G856	-1.21205700519069	0.431652723061713	0.370288749978558	0
G857	3.13584264809172	8.78987499396824	0.488540549000012	0
G858	-0.238508654212144	0.847621064292865	0.366334508039163	0
G859	-0.24483507182121	0.843912266245818	0.488752998466995	0
G860	0.518334994398588	1.43230128355515	0.652609932773784	0
G861	-4.88541912281167	0.0338331397509847	0.214653082267398	0
G862	-2.01990636053133	0.246574179731331	0.665118699651378	0
G863	-1.00344500217283	0.498807477603356	0.839017348940127	0
G864	-0.410795269445326	0.752208612846505	0.789574627511939	0
G865	10.6138712877977	1567.08887587668	0.922917719895692	0
G866	-2.13330255327896	0.227935485115849	0.37659454834697	0
G867	-0.227640931354235	0.854030245325892	0.408794482387788	0
G868	2.66797730515142	6.35537522439907	0.34429340542545	0
G869	-2.90460531626256	0.133544705357531	0.452897951904983	0
G870	9.23998569855646	604.662248602155	0.8739028345301	0
G871	2.85170644429573	7.21853686180094	0.517612119536089	0
G872	-2.20586224419212	0.216755086760844	0.256587531425271	0
G873	0.145761542789291	1.10631447974713	0.584977965789912	0
G874	-2.04346537498123	0.242580354861152	0.783956539370283	0
G875	10.9824227787811	2023.1993717433	0.677473491220543	0
G876	-2.32904785826411	0.199015422682232	0.542070143725977	0
G877	6.95988230316212	124.489676833366	0.520496162816942	0
G878	4.72309043078321	26.4114285375224	0.323634365733545	0
G879	11.7829927813982	3523.98674248417	0.567913774945429	0
G880	-9.92539475714757	0.00102839145476294	0.415635450732052	0
G881	-10.5380175628338	0.00067257484273423	0.377849650175362	0
G882	2.43930195804237	5.42379239556385	0.325820503701877	0
G883	-4.64796332355591	0.0398862880091626	0.290950581034623	0
G884	2.5108105990264	5.69940217428231	0.457486173292178	0
G885	12.4191447959446	5476.9036904909	0.241438550095233	0
G886	5.19844814308193	36.7188289412038	0.879272141545735	0
G887	9.40207078220416	676.558456522057	0.934149259136875	0
G888	-6.61885216594216	0.0101748252996759	0.514564431536975	0
G889	9.44474359163675	696.868963002304	0.383122785341097	0
G890	2.32852878644324	5.02292866590938	0.790378196296343	0
G891	0.480373072554206	1.39510438559574	0.514216133804395	0
G892	-0.15359890377161	0.899005032098373	0.449631550820143	0
G893	-1.02767496418181	0.490499998048817	1.02142598085458	0
G894	-4.30243741086048	0.0506800791954491	0.294822307481128	0
G895	-1.63109216397378	0.322843712627794	0.343869542568255	0
G896	1.64132197671141	3.11951549765175	0.538114818071929	0
G897	6.8650143830322	116.566900814484	0.455792683990345	0
G898	-2.24145664028224	0.211472703443256	0.477243759525125	0
G899	5.70611668536877	52.2050217521234	0.747774485001881	0
G900	-0.704160768349569	0.613799438713346	0.648521000900844	0
G901	14.0970923556546	17524.5813066804	0.325721366712467	0
G902	-9.32857381477723	0.00155531895542071	0.425806577913855	0
G903	9.86207654969616	930.638169786318	0.353539876592701	0
G904	9.40817739359215	679.428249257788	0.530212886419743	0
G905	-1.46472765529454	0.362303926094466	0.328733518185419	0
G906	-1.74992277458508	0.297317693318257	0.306836913626505	0
G907	-4.28186402317369	0.0514079743682205	0.247715913846099	0
G908	7.01195271255944	129.064883777334	0.529607062168627	0
G909	-1.47278505835438	0.360286110868066	0.333066645540073	0
G910	-6.9626465642349	0.00801741815106035	0.289611982896621	0
G911	-1.07407882224395	0.474974240313241	0.34244663925165	0
G912	2.22164507861831	4.66424987303533	0.682936719335882	0
G913	10.3748886916408	1327.86125143127	0.370715875794283	0
G914	-1.21310931855138	0.431337986894945	0.345393196485891	0
G915	-3.42612475187696	0.0930322834671902	0.480318278995157	0
G916	2.49135442264631	5.62305603079074	0.386089415779533	0
G917	-0.829656390923658	0.562663236825459	0.640517642459112	0
G918	8.24584421591756	303.561331132971	0.398479338783	0
G919	-4.05992441423999	0.0599571486538579	0.489444327045348	0
G920	-3.11655120494193	0.115298751415096	0.860642223016084	0
G921	4.17902486473379	18.1138946226074	0.364985790215025	0
G922	11.596636957814	3096.95983623631	0.359734806400825	0
G923	0.903830282194489	1.8710268762022	0.394505017757852	0
G924	-4.62121080796939	0.040632816840054	0.711181329953076	0
G925	5.54991131062443	46.8478622192146	0.426735398547606	0
G926	-5.07851092641355	0.029594831923163	0.761676069140826	0
G927	-4.16950317161455	0.0555718018281088	0.534621184299395	0
G928	-10.4920267878462	0.000694360842681992	0.960977097768483	0
G929	6.78264153591318	110.097777504016	0.592463322448327	0
G930	-10.1104748526259	0.000904573371410975	0.382538776499818	0
G931	6.41168038966454	85.1349959880011	0.445242548660883	0
G932	-3.18748628919154	0.109766803199068	0.513772205148295	0
G933	-1.62063593195888	0.325192089397127	0.53800614469256	0
G934	6.4559667122536	87.7889048660269	0.533702339804917	0
G935	-3.81371453723472	0.0711143965928673	0.465307989588337	0
G936	-0.828482190818893	0.563121371183112	0.50998299024036	0
G937	6.28879639977948	78.1837240567944	0.913380710261689	0
G938	-1.19812111226983	0.435842529850151	0.558634413910744	0
G939	-1.05715370664488	0.480579259914409	0.576534045627125	0
G940	7.20870549558896	147.923299048564	0.316954119564359	0
G941	8.76718523325199	435.698166905904	0.561814200968216	0
G942	3.80130484865276	13.9414126530372	0.269909800941372	0
G943	-3.58097464125186	0.0835639997831469	0.634787169049075	0
G944	-3.84775803944414	0.0694559433174905	0.583278896848945	0
G945	0.789402602673173	1.72835862829242	0.285232425585122	0
G946	-2.83681634431603	0.139969428114619	0.661021796357636	0
G947	6.05290555394735	66.3905295409126	0.313011078618004	0
G948	-1.70840182090948	0.305998859112606	0.483862913547588	0
G949	-6.11180045474401	0.0144598815571894	0.444373361029558	0
G950	-5.09306783619348	0.0292977191394827	0.389070302974397	0
G951	-3.83253939253211	0.0701924955740961	0.272799336905865	0
G952	-5.97637946677112	0.0158829260930846	0.362598459844734	0
G953	-3.3526437413761	0.097893457824842	0.300110199093637	0
G954	-3.62036875162348	0.081313079754847	1.06459042902894	0
G955	-4.18826532405182	0.0548537733412232	0.313919633353785	0
G956	-0.568629809697916	0.674256855530959	0.646466268409387	0
G957	7.33696486327898	161.67635185384	0.434243562699048	0
G958	-7.50574482517061	0.00550231776568857	0.599544512127331	0
G959	-0.794363329329	0.576597573506953	0.300942774437486	0
G960	-5.48633934903183	0.022307314465133	0.603285243673525	0
G961	-1.58494895839401	0.333336462289979	0.425142691908606	0
G962	4.7315523823525	26.5667967472485	0.684678228634846	0
G963	10.102504543553	1099.40295247701	0.640777263858258	0
G964	-2.96783903225474	0.12781782672018	0.69236550244806	0
G965	6.43125560276486	86.2980229265347	0.820739755902688	0
G966	4.00836362709564	16.0930249754545	0.336980611891265	0
G967	6.88496449288039	118.190026884828	0.549420053059069	0
G968	-6.68853619818222	0.00969504830491861	0.527871335713165	0
G969	-1.99706977498105	0.250508285311194	0.719421172529763	0
G970	8.15768863727458	285.567628602713	0.364593636007975	0
G971	-1.04012098196522	0.48628669281695	0.23638290988943	0
G972	-6.39342883765513	0.0118955943163565	0.361108264597481	0
G973	-4.96283960596706	0.0320653817660468	1.0258879788677	0
G974	7.54236361730022	186.413640102459	0.374021716777342	0
G975	6.87255693539889	117.177919943719	0.547617748325182	0
G976	10.4400196288318	1389.18173192528	0.351514190642484	0
G977	-0.615316581616881	0.652786631858716	0.269079843757048	0
G978	-4.23342562219805	0.0531632966069869	0.604638665825899	0
G979	-1.5463388270206	0.342377825721277	0.503480107041248	0
G980	5.81028374909645	56.1138015350725	0.438013362479727	0
G981	4.25433133811268	19.0845245219168	1.41974293669247	0
G982	0.164078505550234	1.12045018284133	0.401202349262802	0
G983	8.16510658168168	287.039720765809	0.506487030569964	0
G984	9.3432328715224	649.521229968976	0.346718017590363	0
G985	4.82047486725506	28.2557948276101	0.804966010957081	0
G986	-6.97434465044168	0.0079526718047551	0.600562623722713	0
G987	-5.12527205013569	0.0286509731042391	0.293139496491099	0
G988	8.93643298414761	489.93039364326	0.783066868921426	0
G989	0.2443401077632	1.18455083056436	0.457062007972533	0
G990	8.29255497600828	313.550709962492	0.402086351467558	0
G991	3.57103089908317	11.8846779039855	0.644996189417702	0
G992	10.926369031813	1946.0985195469	0.354902436888726	0
G993	7.52492056883701	184.173357840039	0.69428440156119	0
G994	-6.64343601295925	0.0100029128679075	1.47668089596993	0
G995	7.69375483503221	207.038439029769	0.30422789087875	0
G996	2.19783053928257	4.58788916620173	0.321856535617024	0
G997	-4.36762758382198	0.0484409985929098	0.762692463941788	0
G998	1.45219547920742	2.73624133206513	0.485901983873667	0
G999	-4.87371916628042	0.0341086350680201	0.405901931550474	0
G1000	1.96944389241974	3.91617135472564	0.72612924844858	0
G1001	8.72580296848063	423.378139161991	1.04690505651185	0.284847623785026
G1002	11.3694575159925	2645.74355425304	0.876548640594597	-0.932469840277918
G1003	6.6925620242704	103.433665878175	0.337426526470057	0.241417715558782
G1004	9.73198321901982	850.391413123016	0.494503177109583	0.466393050551415
G1005	8.34795803625975	325.82602597547	0.509235921977945	0.492834107973613
G1006	5.60132087595018	48.5473578759838	0.371166298880808	0.763585463282652
G1007	8.10309695490896	274.963622775142	0.783177350375112	-0.794000571267679
G1008	8.51890278021212	366.81346297569	0.387180512242161	-0.634561930061318
G1009	6.20438390870762	73.7404292142239	0.387481963404039	0.683169339038432
G1010	11.0036603182925	2053.20265843923	0.688411882552673	0.252749381028116
G1011	9.95290117239574	991.109860131503	0.372759594510912	-0.389269704371691
G1012	8.53310884586389	370.443278267595	0.246807895235702	-0.85071003283374
G1013	8.90894928647496	480.685437304368	0.648007572711951	-0.959076579427347
G1014	9.98190269731608	1011.23507698834	0.470858727713551	0.762216230784543
G1015	12.7240700944471	6765.9185505192	0.564377371624265	-0.701787927071564
G1016	11.5608360172109	3021.05349893654	0.309019568242382	-0.250040495768189
G1017	10.9359097355033	1959.01093532066	0.964378856831935	0.968770191562362
G1018	7.57786670079807	191.057979259899	0.463470845353628	0.314858325058594
G1019	8.24144884603124	302.637896971267	1.11287111109547	-0.216840653424151
G1020	10.1287940873582	1119.62049612628	0.374246125805254	0.45564575670287
G1021	9.3206436197018	639.430442158782	0.486723395917221	0.529701257171109
G1022	11.2259224017829	2395.18670264137	0.487185302287256	-0.779819135623984
G1023	12.4936570720044	5767.20692786645	0.743629218188012	0.424429586250335
G1024	9.13713823593765	563.057416815751	0.373926318604581	-0.232269768672995
G1025	6.94621487233378	123.315887507355	0.652606651855451	0.518923587515019
G1026	11.4869055184131	2870.14024509488	0.584740678393831	-0.950301213166676
G1027	5.22384604291802	37.3709683750209	0.50535489639794	-0.502056111488491
G1028	9.71962945507243	843.140619801571	0.472796860990499	-0.154681438091211
G1029	6.74444694512928	107.22124226381	0.543709108831867	-0.484860368701629
G1030	8.69990258729746	415.845147564781	0.381083503403653	-0.95601005658973
G1031	8.79952044632377	445.573754503319	0.280346224319996	0.500540700484999
G1032	3.64438883699882	12.5046158885676	0.571290847167417	0.521419122326188
G1033	6.56428888929628	94.6341435103583	0.269923196844881	-0.101879625022411
G1034	10.6063064897181	1558.89332197372	0.514756095649892	-0.432967044762336
G1035	12.4559672831875	5618.49213489408	0.403985584886356	-0.307518691848964
G1036	10.8926297473076	1901.11454961517	0.396404509407762	-0.719061558693647
G1037	12.1467463237391	4534.55833394718	0.622396803289613	0.691675236541778
G1038	14.0759937028772	17270.1584976741	0.426394015874631	-0.436946248309687
G1039	7.50493438808509	181.639528673657	0.605641696269847	-0.523225897713564
G1040	7.42324204213043	171.640005491353	0.527721683921898	-0.154892488126643
G1041	8.29502069064883	314.087058676017	0.832487477691015	-0.965333090955392
G1042	7.34066510231807	162.091553248235	0.241063120417747	-0.101133713172749
G1043	9.71065057468904	837.90947304032	0.387615640867611	-0.383963707787916
G1044	9.29863269695041	629.748817154898	0.417979415162354	0.906954761664383
G1045	11.0479332330141	2117.18736351767	0.249763434397481	0.839980173762888
G1046	15.1009940038293	35144.0784327559	0.719073264217009	-0.651851562107913
G1047	6.56295523220416	94.5467021761105	0.368051622911098	-0.41063628825359
G1048	8.04591125457022	264.277767895048	0.300168225815434	0.313844115193933
G1049	11.1839251473711	2326.46722498521	0.435844201519106	0.83510603629984
G1050	9.44038271929706	694.765699210364	0.567445150005219	0.646920591569506
G1051	NA	0	1	0
G1052	NA	0	1	0
G1053	NA	0	1	0
G1054	NA	0	1	0
G1055	NA	0	1	0
G1056	NA	0	1	0
G1057	NA	0	1	0
G1058	NA	0	1	0
G1059	NA	0	1	0
G1060	NA	0	1	0
G1061	NA	0	1	0
G1062	NA	0	1	0
G1063	NA	0	1	0
G1064	NA	0	1	0
G1065	NA	0	1	0
G1066	NA	0	1	0
G1067	NA	0	1	0
G1068	NA	0	1	0
G1069	NA	0	1	0
G1070	NA	0	1	0
G1071	NA	0	1	0
G1072	NA	0	1	0
G1073	NA	0	1	0
G1074	NA	0	1	0
G1075	NA	0	1	0
G1076	NA	0	1	0
G1077	NA	0	1	0
G1078	NA	0	1	0
G1079	NA	0	1	0
G1080	NA	0	1	0
G1081	NA	0	1	0
G1082	NA	0	1	0
G1083	NA	0	1	0
G1084	NA	0	1	0
G1085	NA	0	1	0
G1086	NA	0	1	0
G1087	NA	0	1	0
G1088	NA	0	1	0
G1089	NA	0	1	0
G1090	NA	0	1	0
G1091	NA	0	1	0
G1092	NA	0	1	0
G1093	NA	0	1	0
G1094	NA	0	1	0
G1095	NA	0	1	0
G1096	NA	0	1	0
G1097	NA	0	1	0
G1098	NA	0	1	0
G1099	NA	0	1	0
G1100	NA	0	1	0
G1101	NA	0	1	0
G1102	NA	0	1	0
G1103	NA	0	1	0
G1104	NA	0	1	0
G1105	NA	0	1	0
G1106	NA	0	1	0
G1107	NA	0	1	0
G1108	NA	0	1	0
G1109	NA	0	1	0
G1110	NA	0	1	0
G1111	NA	0	1	0
G1112	NA	0	1	0
G1113	NA	0	1	0
G1114	NA	0	1	0
G1115	NA	0	1	0
G1116	NA	0	1	0
G1117	NA	0	1	0
G1118	NA	0	1	0
G1119	NA	0	1	0
G1120	NA	0	1	0
G1121	NA	0	1	0
G1122	NA	0	1	0
G1123	NA	0	1	0
G1124	NA	0	1	0
G1125	NA	0	1	0
G1126	NA	0	1	0
G1127	NA	0	1	0
G1128	NA	0	1	0
G1129	NA	0	1	0
G1130	NA	0	1	0
G1131	NA	0	1	0
G1132	NA	0	1	0
G1133	NA	0	1	0
G1134	NA	0	1	0
G1135	NA	0	1	0
G1136	NA	0	1	0
G1137	NA	0	1	0
G1138	NA	0	1	0
G1139	NA	0	1	0
G1140	NA	0	1	0
G1141	NA	0	1	0
G1142	NA	0	1	0
G1143	NA	0	1	0
G1144	NA	0	1	0
G1145	NA	0	1	0
G1146	NA	0	1	0
G1147	NA	0	1	0
G1148	NA	0	1	0
G1149	NA	0	1	0
G1150	NA	0	1	0
